1. If the support threshold is 20, which items are frequent?

answer: items 1,2,3,4,5, ...... 45,46,47,48,49,50 are frequent (Total 50 items)

2. If the support threshold is 20, which item pairs are frequent?

answer:
resultDict : {(1, 2): 500, (1, 3): 333, (1, 4): 250, (1, 5): 200, (1, 6): 166, (1, 7): 142, (1, 8): 125, (1, 9): 111, (1, 10): 100, (1, 11): 90, (1, 12): 83, (1, 13): 76, (1, 14): 71, (1, 15): 66, (1, 16): 62, (1, 17): 58, (1, 18): 55, (1, 19): 52, (1, 20): 50, (1, 21): 47, (1, 22): 45, (1, 23): 43, (1, 24): 41, (1, 25): 40, (1, 26): 38, (1, 27): 37, (1, 28): 35, (1, 29): 34, (1, 30): 33, (1, 31): 32, (1, 32): 31, (1, 33): 30, (1, 34): 29, (1, 35): 28, (1, 36): 27, (1, 37): 27, (1, 38): 26, (1, 39): 25, (1, 40): 25, (1, 41): 24, (1, 42): 23, (1, 43): 23, (1, 44): 22, (1, 45): 22, (1, 46): 21, (1, 47): 21, (1, 48): 20, (1, 49): 20, (1, 50): 20, (2, 3): 166, (2, 4): 250, (2, 5): 100, (2, 6): 166, (2, 7): 71, (2, 8): 125, (2, 9): 55, (2, 10): 100, (2, 11): 45, (2, 12): 83, (2, 13): 38, (2, 14): 71, (2, 15): 33, (2, 16): 62, (2, 17): 29, (2, 18): 55, (2, 19): 26, (2, 20): 50, (2, 21): 23, (2, 22): 45, (2, 23): 21, (2, 24): 41, (2, 25): 20, (2, 26): 38, (2, 28): 35, (2, 30): 33, (2, 32): 31, (2, 34): 29, (2, 36): 27, (2, 38): 26, (2, 40): 25, (2, 42): 23, (2, 44): 22, (2, 46): 21, (2, 48): 20, (2, 50): 20, (3, 4): 83, (3, 5): 66, (3, 6): 166, (3, 7): 47, (3, 8): 41, (3, 9): 111, (3, 10): 33, (3, 11): 30, (3, 12): 83, (3, 13): 25, (3, 14): 23, (3, 15): 66, (3, 16): 20, (3, 18): 55, (3, 21): 47, (3, 24): 41, (3, 27): 37, (3, 30): 33, (3, 33): 30, (3, 36): 27, (3, 39): 25, (3, 42): 23, (3, 45): 22, (3, 48): 20, (4, 5): 50, (4, 6): 83, (4, 7): 35, (4, 8): 125, (4, 9): 27, (4, 10): 50, (4, 11): 22, (4, 12): 83, (4, 14): 35, (4, 16): 62, (4, 18): 27, (4, 20): 50, (4, 22): 22, (4, 24): 41, (4, 28): 35, (4, 32): 31, (4, 36): 27, (4, 40): 25, (4, 44): 22, (4, 48): 20, (5, 6): 33, (5, 7): 28, (5, 8): 25, (5, 9): 22, (5, 10): 100, (5, 15): 66, (5, 20): 50, (5, 25): 40, (5, 30): 33, (5, 35): 28, (5, 40): 25, (5, 45): 22, (5, 50): 20, (6, 7): 23, (6, 8): 41, (6, 9): 55, (6, 10): 33, (6, 12): 83, (6, 14): 23, (6, 15): 33, (6, 16): 20, (6, 18): 55, (6, 21): 23, (6, 24): 41, (6, 30): 33, (6, 36): 27, (6, 42): 23, (6, 48): 20, (7, 14): 71, (7, 21): 47, (7, 28): 35, (7, 35): 28, (7, 42): 23, (7, 49): 20, (8, 10): 25, (8, 12): 41, (8, 16): 62, (8, 20): 25, (8, 24): 41, (8, 32): 31, (8, 40): 25, (8, 48): 20, (9, 12): 27, (9, 15): 22, (9, 18): 55, (9, 27): 37, (9, 36): 27, (9, 45): 22, (10, 15): 33, (10, 20): 50, (10, 25): 20, (10, 30): 33, (10, 40): 25, (10, 50): 20, (11, 22): 45, (11, 33): 30, (11, 44): 22, (12, 16): 20, (12, 18): 27, (12, 24): 41, (12, 36): 27, (12, 48): 20, (13, 26): 38, (13, 39): 25, (14, 21): 23, (14, 28): 35, (14, 42): 23, (15, 30): 33, (15, 45): 22, (16, 24): 20, (16, 32): 31, (16, 48): 20, (17, 34): 29, (18, 36): 27, (19, 38): 26, (20, 40): 25, (21, 42): 23, (22, 44): 22, (23, 46): 21, (24, 48): 20, (25, 50): 20}
Total :210 item pairs


3. If the support threshold is 20, find the maximal frequent itemsets, i.e.,
frequent itemsets with the largest size.

answer:
{1,2,3,4,6,8,12,16,24,48} size of 10